Cluster,R_GC,Mass,rc,"rh,m",[Fe/H],logM,rc/rh,logM_norm,rc/rh_norm,fname,tcount,t
NGC_5986,4.85,334000.0,1.17,4.25,-1.59,5.523746466811565,0.2752941176470588,1.913626074461385,3.232039260159536,N8e5_rv1_rg2_Z0.0002.tar.gz,687161,10000.14379
NGC_6093,3.95,338000.0,0.41,2.62,-1.75,5.528916700277655,0.1564885496183206,1.9218967583221074,1.5502475117920664,N1.6e6_rv2_rg2_Z0.0002.tar.gz,1083004,13499.977600186
NGC_6139,3.51,323000.0,0.27,2.47,-1.65,5.509202522331103,0.10931174089068826,1.8903605164020219,0.8824204987243762,N1.6e6_rv4_rg2_Z0.0002.tar.gz,618415,11555.550734481
NGC_6144,2.5,79200.0,1.62,4.91,-1.76,4.898725181589493,0.329938900203666,0.9137962814360473,4.005581661579699,N8e5_rv2_rg2_Z0.0002.tar.gz,615138,13499.63691609
NGC_6254,4.35,205000.0,1.05,4.81,-1.56,5.311753861055754,0.21829521829521834,1.5745071865975495,2.42517237515996,N8e5_rv1_rg2_Z0.0002.tar.gz,692585,11555.520962414
NGC_6273,1.43,697000.0,1.01,4.21,-1.74,5.84323277809801,0.23990498812351543,2.4246997611350483,2.731076662175862,N1.6e6_rv1_rg2_Z0.0002.tar.gz,1448903,12333.335400595999
NGC_6287,1.57,145000.0,0.21,3.65,-2.1,5.161368002234975,0.057534246575342465,1.3339389601166005,0.14946695003524105,N1.6e6_rv4_rg2_Z0.0002.tar.gz,680158,13499.951701832999
NGC_6293,1.6,205000.0,0.13,4.05,-1.99,5.311753861055754,0.03209876543209877,1.5745071865975495,-0.21059346642702556,N1.6e6_rv4_rg2_Z0.0002.tar.gz,680158,13499.951701832999
NGC_6333,1.73,323000.0,0.91,4.17,-1.77,5.509202522331103,0.2182254196642686,1.8903605164020219,2.424184317415476,N1.6e6_rv1_rg2_Z0.0002.tar.gz,1448903,12333.335400595999
Djor_1,1.82,79700.0,0.97,5.57,-1.51,4.901458321396112,0.1741472172351885,0.918168411908676,1.800220656805173,N4e5_rv2_rg2_Z0.0002.tar.gz,309984,10000.023003343
NGC_6535,4.04,21900.0,0.08,3.65,-1.79,4.3404441148401185,0.021917808219178082,0.020729026583009874,-0.35471339376099137,N4e5_rv2_rg2_Z0.0002.tar.gz,355479,13499.994058632
NGC_6541,2.19,293000.0,0.09,4.34,-1.81,5.466867620354109,0.020737327188940093,1.822638508716529,-0.3714240857655811,N1.6e6_rv4_rg2_Z0.0002.tar.gz,666722,13111.114697064
NGC_6681,2.29,116000.0,0.07,2.89,-1.62,5.064457989226918,0.02422145328719723,1.178914610484248,-0.3221033795095981,N8e5_rv0.5_rg2_Z0.0002.tar.gz,1035078,11944.448151471
NGC_6749,4.94,211000.0,1.44,7.09,-1.6,5.324282455297693,0.20310296191819463,1.594548842912287,2.2101133351006497,N8e5_rv2_rg2_Z0.0002.tar.gz,575852,10000.008014295
NGC_6809,4.01,193000.0,2.9,6.95,-1.94,5.285557309007774,0.41726618705035967,1.5326012646211427,5.241772126916834,N8e5_rv2_rg2_Z0.0002.tar.gz,611427,13111.120995764997
Lynga_7,4.35,79600.0,2.16,5.16,-0.67,4.900913067737669,0.4186046511627907,0.9172961842496227,5.260719201007064,N8e5_rv2_rg2_Z0.002.tar.gz,570244,12722.232546975
Ter_3,2.46,40400.0,2.93,7.19,-0.74,4.606381365110605,0.40751043115438107,0.44614171601037206,5.103671278301932,N8e5_rv2_rg2_Z0.002.tar.gz,570244,12722.232546975
NGC_6171,3.74,74900.0,0.83,3.94,-1.02,4.874481817699467,0.21065989847715735,0.8750148221905574,2.3170880649780043,N4e5_rv2_rg2_Z0.002.tar.gz,323770,12334.135484715
ESO_452-SC11,2.12,8260.0,0.73,3.68,-1.5,3.9169800473203824,0.1983695652173913,-0.656675089072817,2.143108163160937,N4e5_rv2_rg2_Z0.002.tar.gz,324435,12722.311719791001
NGC_6218,4.57,107000.0,1.21,4.05,-1.37,5.02938377768521,0.29876543209876544,1.1228073346275333,3.5642952614832275,N8e5_rv2_rg2_Z0.002.tar.gz,555107,11555.484176895
NGC_6235,4.42,107000.0,1.2,4.78,-1.28,5.02938377768521,0.2510460251046025,1.1228073346275333,2.888787318115125,N8e5_rv1_rg2_Z0.002.tar.gz,652764,11555.583671788
NGC_6256,1.94,125000.0,0.04,4.82,-1.02,5.096910013008056,0.008298755186721992,1.2308272428817517,-0.5475024304248556,N8e5_rv0.5_rg2_Z0.002.tar.gz,901176,13111.125407721001
NGC_6266,2.15,610000.0,0.39,2.43,-1.18,5.785329835010767,0.16049382716049382,2.3320739754677553,1.606945550714948,N1.6e6_rv2_rg2_Z0.002.tar.gz,1033081,12722.197248916
NGC_6325,1.28,58900.0,0.31,2.05,-1.25,4.770115294787102,0.15121951219512197,0.7080624935747912,1.4756598993829297,N4e5_rv2_rg2_Z0.002.tar.gz,325436,13111.236548239001
NGC_6342,1.54,42200.0,0.34,2.06,-0.55,4.625312450961674,0.1650485436893204,0.47642526650016814,1.6714213560280504,N4e5_rv2_rg2_Z0.002.tar.gz,325436,13111.236548239001
NGC_6352,3.51,64700.0,1.12,4.56,-0.64,4.810904280668701,0.24561403508771934,0.7733115407287969,2.8118929760469253,N4e5_rv2_rg2_Z0.002.tar.gz,318462,11555.523601124001
NGC_6355,0.93,101000.0,0.21,3.55,-1.37,5.004321373782642,0.059154929577464786,1.082715679032607,0.17240906752109342,N4e5_rv1_rg2_Z0.002.tar.gz,364260,10000.298343648
Ter_2,0.74,136000.0,0.42,4.16,-0.69,5.133538908370218,0.10096153846153845,1.2894215047646647,0.7642164298785021,N8e5_rv2_rg2_Z0.002.tar.gz,577983,13499.979793229999
HP_1,1.26,124000.0,1.26,3.74,-1.0,5.093421685162235,0.3368983957219251,1.2252470583495514,4.104099116019016,N8e5_rv2_rg2_Z0.002.tar.gz,551417,11166.620527394998
NGC_6380,2.15,334000.0,1.12,4.4,-0.75,5.523746466811565,0.2545454545454546,1.913626074461385,2.9383246559290868,N8e5_rv1_rg2_Z0.002.tar.gz,652764,11555.583671788
Ter_1,2.52,150000.0,0.32,2.15,-1.03,5.176091259055681,0.14883720930232558,1.3574913593192535,1.4419364181211107,N8e5_rv2_rg2_Z0.002.tar.gz,577983,13499.979793229999
Ton_2,1.76,69100.0,1.16,4.6,-0.7,4.8394780473741985,0.25217391304347825,0.8190202292592391,2.904753511115655,N4e5_rv2_rg2_Z0.002.tar.gz,315379,11166.762785683
NGC_6388,3.99,1250000.0,0.42,4.34,-0.55,6.096910013008056,0.0967741935483871,2.8305004326837544,0.7049410757065244,N1.6e6_rv2_rg2_Z0.002.tar.gz,935027,10000.01236583
NGC_6401,0.75,145000.0,0.53,3.28,-1.02,5.161368002234975,0.16158536585365854,1.3339389601166005,1.6223971898733434,N8e5_rv2_rg2_Z0.002.tar.gz,577983,13499.979793229999
NGC_6402,3.97,592000.0,2.16,5.14,-1.28,5.77232170672292,0.4202334630350195,2.311265221396181,5.283776389418425,N8e5_rv2_rg2_Z0.002.tar.gz,570244,12722.232546975
Pal_6,1.19,94500.0,0.95,2.89,-0.91,4.975431808509263,0.328719723183391,1.0365018159997466,3.988323195612836,N4e5_rv2_rg2_Z0.002.tar.gz,310177,10000.568336263
Ter_6,0.97,104000.0,0.31,1.33,-0.56,5.017033339298781,0.23308270676691728,1.1030506694584612,2.634501588457157,N8e5_rv1_rg2_Z0.002.tar.gz,673621,13499.2410865
NGC_6453,2.1,165000.0,0.1,3.85,-1.5,5.217483944213907,0.025974025974025976,1.423706128020782,-0.29729425370827356,N8e5_rv0.5_rg2_Z0.002.tar.gz,862846,11944.436021397001
Ter_9,2.46,120000.0,0.25,1.9,-1.05,5.079181246047625,0.13157894736842105,1.2024670096869026,1.19763134898004,N8e5_rv2_rg2_Z0.002.tar.gz,577983,13499.979793229999
Djor_2,0.8,125000.0,1.19,5.16,-0.65,5.096910013008056,0.23062015503875968,1.2308272428817517,2.5996421181052143,N8e5_rv1_rg2_Z0.002.tar.gz,673621,13499.2410865
NGC_6517,3.24,195000.0,0.13,2.29,-1.23,5.290034611362518,0.056768558951965066,1.5397634851606647,0.13862800411553702,N1.6e6_rv4_rg2_Z0.002.tar.gz,615294,12722.230661040001
Ter_10,2.17,302000.0,0.26,4.6,-1.0,5.480006942957151,0.05652173913043479,1.8436571308167746,0.13513406400758904,N1.6e6_rv4_rg2_Z0.002.tar.gz,575745,11166.639880634999
NGC_6522,1.04,211000.0,0.42,3.08,-1.34,5.324282455297693,0.13636363636363635,1.594548842912287,1.2653626060597694,N8e5_rv2_rg2_Z0.002.tar.gz,577983,13499.979793229999
NGC_6539,3.09,209000.0,1.52,5.18,-0.63,5.320146286111054,0.29343629343629346,1.5879323239559355,3.4888568659840917,N8e5_rv1_rg2_Z0.002.tar.gz,645511,10777.795684551998
NGC_6540,2.34,34500.0,0.06,5.32,-1.35,4.537819095073274,0.011278195488721804,0.33646449079968965,-0.5053259718817282,N4e5_rv1_rg2_Z0.002.tar.gz,455444,13499.971626816003
2MASS-GC02,2.91,15800.0,0.63,2.85,-1.08,4.198657086954423,0.22105263157894736,-0.206083880587446,2.46420585637098,N4e5_rv2_rg2_Z0.002.tar.gz,323770,12334.135484715
NGC_6558,1.08,26500.0,0.17,1.7,-1.32,4.423245873936808,0.1,0.15318478067842803,0.7506050522538259,N4e5_rv2_rg2_Z0.002.tar.gz,327141,13499.886644572003
IC_1276,4.34,73900.0,1.18,5.21,-0.75,4.868644438394826,0.22648752399232244,0.8656769230182186,2.5411412842784347,N4e5_rv2_rg2_Z0.002.tar.gz,323770,12334.135484715
NGC_6569,2.59,236000.0,1.1,3.85,-0.76,5.372912002970106,0.28571428571428575,1.6723402265560448,3.379545416334181,N8e5_rv1_rg2_Z0.002.tar.gz,648677,11166.689106352
BH_261,2.2,22000.0,0.34,4.66,-1.3,4.342422680822207,0.07296137339055794,0.02389408553881051,0.36785077673073696,N4e5_rv2_rg2_Z0.002.tar.gz,327141,13499.886644572003
NGC_6626,3.02,299000.0,0.29,2.26,-1.32,5.47567118832443,0.12831858407079647,1.836721340373251,1.1514781915009324,N1.6e6_rv0.5_rg2_Z0.002.tar.gz,1663529,11944.44941592
NGC_6637,1.71,155000.0,0.85,3.69,-0.64,5.190331698170292,0.23035230352303523,1.3802714079819036,2.595850456852232,N8e5_rv1_rg2_Z0.002.tar.gz,673621,13499.2410865
NGC_6638,2.3,118000.0,0.46,2.2,-0.95,5.071882007306125,0.20909090909090908,1.1907906131661607,2.2948777136716565,N8e5_rv2_rg2_Z0.002.tar.gz,538973,10388.908862729999
NGC_6642,1.66,34400.0,0.17,1.51,-1.26,4.53655844257153,0.11258278145695365,0.3344478587909922,0.9287248018323725,N4e5_rv2_rg2_Z0.002.tar.gz,327141,13499.886644572003
NGC_6652,2.18,48100.0,0.26,1.96,-0.81,4.682145076373832,0.1326530612244898,0.5673388936780567,1.2128363250591632,N4e5_rv2_rg2_Z0.002.tar.gz,325436,13111.236548239001
NGC_6712,3.55,96300.0,1.06,3.21,-1.02,4.983626287124535,0.3302180685358256,1.0496103037450035,4.009533521793169,N4e5_rv2_rg2_Z0.002.tar.gz,310177,10000.568336263
NGC_6717,2.38,35800.0,0.2,4.23,-1.26,4.553883026643875,0.04728132387706856,0.36216153145599267,0.004328291328305967,N4e5_rv1_rg2_Z0.002.tar.gz,438041,13111.071260640001
NGC_6723,2.47,177000.0,1.68,5.06,-1.1,5.247973266361806,0.33201581027667987,1.4724790792360134,4.034982053167836,N8e5_rv2_rg2_Z0.002.tar.gz,551417,11166.620527394998
NGC_5927,4.77,275000.0,1.42,5.28,-0.49,5.439332693830263,0.2689393939393939,1.7785916249731641,3.142082854310605,N8e5_rv2_rg2_Z0.02.tar.gz,396780,13499.937742259997
NGC_6304,2.19,126000.0,0.22,4.26,-0.45,5.1003705451175625,0.051643192488262914,1.236362963319778,0.0660741737771427,N8e5_rv4_rg2_Z0.02.tar.gz,203985,10777.760873090001
NGC_6316,3.16,318000.0,0.6,4.77,-0.45,5.502427119984433,0.12578616352201258,1.8795220869179323,1.1156296698111854,N1.6e6_rv1_rg2_Z0.02.tar.gz,1091029,13111.092238454
Liller_1,0.74,915000.0,0.19,2.01,-0.33,5.9614210940664485,0.09452736318407962,2.6137624415376077,0.6731353208974589,N1.6e6_rv4_rg2_Z0.02.tar.gz,317934,10000.017992646
Ter_5,1.65,935000.0,0.51,3.77,-0.23,5.970811610872518,0.13527851458885942,2.6287841995106627,1.2500018037247116,N1.6e6_rv2_rg2_Z0.02.tar.gz,726462,11166.689614726
NGC_6440,1.23,489000.0,0.35,2.14,-0.36,5.689308859123621,0.16355140186915887,2.1784717946824625,1.65022806684926,N1.6e6_rv2_rg2_Z0.02.tar.gz,682915,10000.049867464
NGC_6441,4.78,1320000.0,0.53,3.47,-0.46,6.12057393120585,0.15273775216138327,2.8683549681904323,1.4971518503888146,N1.6e6_rv2_rg2_Z0.02.tar.gz,682915,10000.049867464
NGC_6496,2.81,68900.0,2.54,6.42,-0.46,4.838219221907626,0.3956386292834891,0.8170065199097232,4.93561603681788,N8e5_rv2_rg2_Z0.02.tar.gz,396780,13499.937742259997
NGC_6528,0.7,56700.0,0.33,2.73,-0.11,4.753583058892906,0.12087912087912088,0.6816163190473643,1.0461663949610847,N4e5_rv2_rg2_Z0.02.tar.gz,164845,13111.164663445
NGC_6553,2.93,285000.0,0.87,4.56,-0.18,5.45484486000851,0.19078947368421054,1.8034060213242598,2.035805655341692,N8e5_rv2_rg2_Z0.02.tar.gz,366178,10777.76280816
Ter_12,3.17,87200.0,0.84,3.28,-0.5,4.940516484932568,0.25609756097560976,0.9806487089608458,2.9602960149329984,N4e5_rv2_rg2_Z0.02.tar.gz,154368,10777.800362314
NGC_6624,1.2,156000.0,0.33,3.69,-0.44,5.193124598354462,0.08943089430894309,1.3847391355283138,0.6009905599890902,N8e5_rv4_rg2_Z0.02.tar.gz,234549,12722.209642020001
Pal_8,4.09,67400.0,1.95,5.86,-0.37,4.82865989653532,0.3327645051194539,0.8017147233990507,4.045580452127706,N8e5_rv2_rg2_Z0.02.tar.gz,396780,13499.937742259997
NGC_3201,8.93,160000.0,1.22,6.78,-1.59,5.204119982655925,0.1799410029498525,1.402328157006934,1.8822365182534702,N8e5_rv1_rg8_Z0.0002.tar.gz,727315,13499.929364765998
NGC_4372,7.22,198000.0,3.79,8.53,-2.17,5.296665190261531,0.44431418522860494,1.550370244458282,5.624659064800315,N4e5_rv4_rg8_Z0.0002.tar.gz,261919,13499.966632460002
NGC_4590,10.35,122000.0,1.96,7.58,-2.23,5.086359830674748,0.25857519788918204,1.2139503990556364,2.9953690286463672,N4e5_rv2_rg8_Z0.0002.tar.gz,312558,13497.773479507001
NGC_4833,7.13,206000.0,1.54,4.76,-1.85,5.313867220369153,0.3235294117647059,1.5778878708316124,3.914850015355068,N8e5_rv2_rg8_Z0.0002.tar.gz,588199,13110.970043565001
NGC_5139,6.5,3640000.0,4.28,10.36,-1.53,6.561101383649056,0.4131274131274132,3.573054923235607,5.183184335557709,N8e5_rv2_rg8_Z0.0002.tar.gz,588199,13110.970043565001
NGC_5286,8.46,353000.0,0.4,3.79,-1.69,5.547774705387822,0.10554089709762533,1.9520634035099909,0.8290410647400878,N1.6e6_rv2_rg8_Z0.0002.tar.gz,1000989,12333.315918006001
NGC_5897,7.41,157000.0,5.49,10.99,-1.9,5.195899652409234,0.49954504094631486,1.389178315099984,6.406497819856392,N4e5_rv4_rg8_Z0.0002.tar.gz,261919,13499.966632460002
NGC_6101,10.36,178000.0,5.86,14.06,-1.98,5.250420002308894,0.4167852062588905,1.4763930571330937,5.234963443286614,N4e5_rv4_rg8_Z0.0002.tar.gz,261919,13499.966632460002
NGC_6205,8.64,545000.0,1.89,5.26,-1.53,5.7363965022766426,0.3593155893536122,2.2537966350053154,4.4214331593376555,N8e5_rv2_rg8_Z0.0002.tar.gz,588199,13110.970043565001
NGC_6341,9.85,352000.0,0.78,4.49,-2.31,5.546542663478131,0.17371937639198218,1.9500925390983448,1.7941642133938263,N1.6e6_rv1_rg8_Z0.0002.tar.gz,1446930,11944.412327035998
NGC_6397,6.01,96600.0,0.04,3.9,-2.02,4.984977126415493,0.010256410256410256,1.0517712051424803,-0.5197901927159708,N4e5_rv1_rg8_Z0.0002.tar.gz,426729,12333.331144848
ESO_280-SC06,13.41,7800.0,2.38,9.65,-1.8,3.8920946026904804,0.2466321243523316,-0.6964836676635735,2.8263048773806423,N2e5_rv4_rg8_Z0.0002.tar.gz,197390,12333.540679054999
NGC_6656,5.0,476000.0,1.04,5.29,-1.7,5.6776069527204935,0.19659735349716448,2.159752568739808,2.118021030487857,N1.6e6_rv1_rg8_Z0.0002.tar.gz,1385895,10388.887644016
NGC_6752,5.3,276000.0,0.13,5.27,-1.54,5.440909082065217,0.024667931688804556,1.78111333096934,-0.31578310593903736,N8e5_rv0.5_rg8_Z0.0002.tar.gz,947782,10777.752026217
NGC_6779,9.91,186000.0,1.18,4.51,-1.98,5.269512944217916,0.2616407982261641,1.5069355244194038,3.038765154232685,N8e5_rv1_rg8_Z0.0002.tar.gz,691526,10000.091373349998
NGC_7078,10.76,633000.0,0.04,4.3,-2.37,5.801403710017355,0.009302325581395349,2.357786922372022,-0.5332960557854172,N1.6e6_rv4_rg8_Z0.0002.tar.gz,543303,10388.875010715
NGC_7089,10.54,620000.0,0.77,4.77,-1.65,5.7923916894982534,0.16142557651991615,2.34337063476167,1.6201352387929018,N1.6e6_rv1_rg8_Z0.0002.tar.gz,1446930,11944.412327035998
NGC_7099,7.36,143000.0,0.06,4.99,-2.27,5.155336037465061,0.012024048096192385,1.3242897877923392,-0.4947678071293914,N8e5_rv0.5_rg8_Z0.0002.tar.gz,1057960,13477.875499539003
NGC_104,7.52,895000.0,0.79,6.3,-0.72,5.951823035315912,0.1253968253968254,2.5984086842802303,1.1101182644357548,N1.6e6_rv2_rg8_Z0.002.tar.gz,962356,10777.77148976
NGC_288,12.21,93400.0,3.59,8.37,-1.32,4.970346876230093,0.42891278375149344,1.0283675861608004,5.406639401687933,N2e5_rv4_rg8_Z0.002.tar.gz,141931,10390.148304485001
NGC_362,9.62,284000.0,0.4,3.79,-1.26,5.453318340047038,0.10554089709762533,1.800964088268195,0.8290410647400878,N8e5_rv4_rg8_Z0.002.tar.gz,375013,11166.715189025
NGC_2808,11.58,864000.0,0.79,3.89,-1.14,5.936513742478893,0.20308483290488433,2.573918818974023,2.2098567038206753,N1.6e6_rv0.5_rg8_Z0.002.tar.gz,1640215,10388.883401448
E_3,9.1,2890.0,1.81,6.14,-0.83,3.4608978427565478,0.2947882736156352,-1.386257564059376,3.5079952712566738,N2e5_rv4_rg8_Z0.002.tar.gz,145219,12332.663696118001
NGC_5272,12.09,406000.0,1.23,6.34,-1.5,5.608526033577194,0.194006309148265,2.049245674459391,2.081342640089696,N1.6e6_rv0.5_rg8_Z0.002.tar.gz,1640215,10388.883401448
NGC_5904,6.27,394000.0,1.18,5.68,-1.29,5.595496221825574,0.20774647887323944,2.0284022339321575,2.27584618439362,N1.6e6_rv1_rg8_Z0.002.tar.gz,1457602,12333.320390635998
NGC_5946,5.2,93100.0,0.31,2.59,-1.29,4.968949680981343,0.1196911196911197,1.0261325303804556,1.0293492488610987,N4e5_rv1_rg8_Z0.002.tar.gz,312671,12722.13715368
NGC_6121,6.45,87100.0,0.39,3.69,-1.16,4.940018155007663,0.10569105691056911,0.9798515439402998,0.8311667019348374,N4e5_rv1_rg8_Z0.002.tar.gz,313278,13111.103832912002
NGC_6284,6.32,129000.0,0.47,3.78,-1.26,5.110589710299249,0.12433862433862433,1.2527102878830796,1.0951385472615076,N4e5_rv4_rg8_Z0.002.tar.gz,246914,13111.082998930002
NGC_6362,5.2,127000.0,2.89,7.23,-0.99,5.103803720955957,0.39972337482710923,1.241854922664334,4.993439011476605,N2e5_rv4_rg8_Z0.002.tar.gz,141931,10390.148304485001
NGC_6366,5.23,37600.0,1.96,5.56,-0.59,4.575187844927661,0.3525179856115108,0.3962422780781691,4.325207417801934,N2e5_rv4_rg8_Z0.002.tar.gz,141270,10000.543873440001
UKS_1,7.47,77000.0,1.1,3.84,-0.64,4.886490725172482,0.28645833333333337,0.8942251495139535,3.3900780299723237,N4e5_rv2_rg8_Z0.002.tar.gz,310621,13110.959750469001
NGC_6544,5.62,91400.0,0.16,2.07,-1.4,4.960946195733832,0.07729468599033817,1.0133295696050364,0.42919242505856897,N4e5_rv4_rg8_Z0.002.tar.gz,240331,11944.43794089
NGC_6584,6.99,102000.0,1.55,5.37,-1.5,5.008600171761918,0.28864059590316576,1.0895603574446333,3.4209697738830767,N4e5_rv2_rg8_Z0.002.tar.gz,310621,13110.959750469001
NGC_6838,6.86,65600.0,1.48,6.57,-0.78,4.8169038393756605,0.2252663622526636,0.7829088739429638,2.5238547229559596,N2e5_rv4_rg8_Z0.002.tar.gz,146295,12722.245454388
NGC_6934,12.83,136000.0,1.22,5.16,-1.47,5.133538908370218,0.23643410852713176,1.2894215047646647,2.6819434711846526,N4e5_rv4_rg8_Z0.002.tar.gz,233374,11166.595421786
NGC_6981,12.53,68900.0,2.07,5.96,-1.42,4.838219221907626,0.3473154362416107,0.8170065199097232,4.251560999153813,N2e5_rv4_rg8_Z0.002.tar.gz,141270,10000.543873440001
NGC_6356,7.86,600000.0,1.48,6.86,-0.4,5.778151250383644,0.21574344023323613,2.3205905860990215,2.3890498317513154,N8e5_rv2_rg8_Z0.02.tar.gz,383115,11944.428693644997
NGC_6760,5.17,269000.0,1.07,5.22,-0.4,5.429752280002408,0.2049808429118774,1.7632660938255358,2.2366963043334374,N8e5_rv2_rg8_Z0.02.tar.gz,354974,10000.044135
Pal_10,7.6,162000.0,2.09,6.33,-0.1,5.209515014542631,0.330173775671406,1.410958444874224,4.008906519413327,N2e5_rv4_rg8_Z0.02.tar.gz,56241,11555.731180638
Pal_11,8.7,11900.0,4.08,7.72,-0.4,4.075546961392531,0.5284974093264249,-0.40301984784196293,6.816342703772827,N2e5_rv4_rg8_Z0.02.tar.gz,56241,11555.731180638
AM_1,120.27,19200.0,6.56,19.86,-1.7,4.283301228703549,0.33031218529707956,-0.07068091635756851,4.010865822922538,N2e5_rv4_rg20_Z0.0002.tar.gz,160266,12722.214619414
NGC_1904,19.09,139000.0,0.42,3.21,-1.6,5.143014800254095,0.1308411214953271,1.3045798349607653,1.187186809336904,N4e5_rv4_rg20_Z0.0002.tar.gz,242263,11944.368998799999
NGC_2298,15.07,55800.0,0.53,3.31,-1.92,4.746634198937579,0.16012084592145015,0.6705004140771377,1.6016656906837432,N2e5_rv2_rg20_Z0.0002.tar.gz,183173,10000.3759567
NGC_2419,95.93,971000.0,8.08,26.5,-2.15,5.987219229908005,0.3049056603773585,2.655031027790216,3.6512153059169403,N8e5_rv1_rg20_Z0.0002.tar.gz,711966,10000.052870938001
Pal_3,98.17,18900.0,14.31,27.44,-1.63,4.276461804173244,0.5215014577259475,-0.08162176041237221,6.717309183131648,N4e5_rv2_rg20_Z0.0002.tar.gz,290522,10778.184161013
NGC_4147,20.74,39000.0,0.36,4.03,-1.8,4.5910646070264995,0.08933002481389578,0.42163990874854596,0.5995626682896749,N2e5_rv2_rg20_Z0.0002.tar.gz,204489,13499.804055191
Rup_106,18.04,34200.0,5.11,11.57,-1.68,4.534026106056135,0.44165946413137425,0.33039694795975877,5.587079277004008,N4e5_rv2_rg20_Z0.0002.tar.gz,290522,10778.184161013
NGC_5024,19.0,455000.0,2.31,10.18,-2.1,5.658011396657113,0.2269155206286837,2.128406083065955,2.547199933071623,N1.6e6_rv1_rg20_Z0.0002.tar.gz,1496946,13499.928254245997
NGC_5053,18.01,74200.0,10.3,17.31,-2.27,4.870403905279027,0.5950317735413057,0.86849149502122,7.7581920343731845,N4e5_rv2_rg20_Z0.0002.tar.gz,290522,10778.184161013
NGC_5466,16.48,59800.0,6.48,14.03,-1.98,4.776701183988411,0.4618674269422666,0.7185977639611322,5.873139818362261,N4e5_rv2_rg20_Z0.0002.tar.gz,290522,10778.184161013
NGC_5634,21.84,228000.0,0.75,7.39,-1.88,5.357934847000454,0.10148849797023005,1.6483816716919089,0.7716759805388459,N8e5_rv4_rg20_Z0.0002.tar.gz,380336,13499.953132635
NGC_5694,29.16,317000.0,0.04,4.86,-1.98,5.501059262217751,0.008230452674897118,1.877333961521109,-0.5484693093572643,N8e5_rv4_rg20_Z0.0002.tar.gz,338817,10777.775054195
IC_4499,15.75,155000.0,5.14,14.96,-1.53,5.190331698170292,0.34358288770053474,1.3802714079819036,4.198723666350992,N4e5_rv2_rg20_Z0.0002.tar.gz,290522,10778.184161013
NGC_5824,25.42,762000.0,0.66,6.51,-1.91,5.8819549713396,0.10138248847926268,2.486642615513953,0.7701753279169551,N1.6e6_rv4_rg20_Z0.0002.tar.gz,560274,10388.845991429998
Pal_14,68.55,18900.0,16.29,36.7,-1.62,4.276461804173244,0.44386920980926425,-0.08162176041237221,5.618360067195316,N2e5_rv4_rg20_Z0.0002.tar.gz,160266,12722.214619414
Pal_15,37.28,50900.0,14.29,26.86,-2.07,4.706717782336758,0.5320178704393149,0.6066471926078378,6.866177762418183,N4e5_rv2_rg20_Z0.0002.tar.gz,290522,10778.184161013
IC_1257,19.27,18100.0,1.16,5.54,-1.7,4.2576785748691846,0.20938628158844763,-0.11166878874797918,2.299058957339755,N2e5_rv4_rg20_Z0.0002.tar.gz,159181,12333.28220942
NGC_6426,14.45,71700.0,2.84,8.0,-2.15,4.8555191556678,0.355,0.8446807601312234,4.360342398318005,N4e5_rv2_rg20_Z0.0002.tar.gz,290522,10778.184161013
Arp_2,21.39,37000.0,7.84,18.45,-1.75,4.568201724066995,0.42493224932249324,0.38506676783664545,5.35029162213634,N4e5_rv2_rg20_Z0.0002.tar.gz,290522,10778.184161013
Ter_8,20.43,62100.0,10.62,21.53,-2.16,4.79309160017658,0.49326521133302365,0.7448170733070425,6.317601602279855,N4e5_rv2_rg20_Z0.0002.tar.gz,290522,10778.184161013
NGC_7006,36.67,136000.0,1.59,6.99,-1.52,5.133538908370218,0.2274678111587983,1.2894215047646647,2.5550180654341026,N4e5_rv4_rg20_Z0.0002.tar.gz,239707,11555.531287713
Pal_13,24.57,3020.0,1.97,16.95,-1.88,3.4800069429571505,0.11622418879056047,-1.3556892487872316,0.9802719549474805,N2e5_rv2_rg20_Z0.0002.tar.gz,197684,12333.255023093
NGC_7492,23.57,26600.0,4.7,9.89,-1.78,4.424881636631067,0.4752275025278059,0.15580146640531264,6.062262813606814,N4e5_rv2_rg20_Z0.0002.tar.gz,290522,10778.184161013
Whiting_1,35.15,1970.0,2.45,15.49,-0.7,3.294466226161593,0.158166559070368,-1.6524937590617312,1.5740011329140438,N2e5_rv2_rg20_Z0.002.tar.gz,156755,12333.325243472002
NGC_1261,18.28,182000.0,0.88,5.23,-1.27,5.260071387985075,0.16826003824091776,1.4918321200437203,1.7168827357126881,N8e5_rv4_rg20_Z0.002.tar.gz,384145,13499.890156329999
Pal_1,17.41,1030.0,0.69,3.56,-0.65,3.012837224705172,0.1938202247191011,-2.1030081221622767,2.078708460036857,N2e5_rv2_rg20_Z0.002.tar.gz,153663,11555.431900935
Eridanus,89.76,11600.0,6.83,17.91,-1.43,4.064457989226918,0.3813512004466778,-0.4207585793177545,4.733365584067009,N2e5_rv4_rg20_Z0.002.tar.gz,144840,11944.889411471002
Pal_2,34.19,231000.0,1.63,8.06,-1.42,5.363611979892144,0.20223325062034736,1.6574632289736886,2.197801847445225,N8e5_rv2_rg20_Z0.002.tar.gz,553246,11555.597391044997
NGC_1851,16.69,318000.0,0.08,2.9,-1.18,5.502427119984433,0.027586206896551727,1.8795220869179323,-0.2744724902390445,N8e5_rv0.5_rg20_Z0.002.tar.gz,791184,11944.45691208
Pyxis,38.61,24600.0,13.36,22.83,-1.2,4.390935107103379,0.5851949189662725,0.10149811323304854,7.618943166422992,N2e5_rv4_rg20_Z0.002.tar.gz,144840,11944.889411471002
Pal_4,104.05,12900.0,11.38,21.3,-1.41,4.110589710299249,0.5342723004694836,-0.3469629019189231,6.898091096825981,N2e5_rv4_rg20_Z0.002.tar.gz,144840,11944.889411471002
AM_4,24.58,756.0,2.15,15.0,-1.3,2.8785217955012063,0.14333333333333334,-2.3178689132366097,1.3640244705392421,N2e5_rv2_rg20_Z0.002.tar.gz,162209,13499.966620177998
Pal_5,17.27,9980.0,14.86,27.64,-1.41,3.999130541287371,0.5376266280752532,-0.5252611463448342,6.945574397333748,N2e5_rv4_rg20_Z0.002.tar.gz,144840,11944.889411471002
NGC_6229,29.45,286000.0,1.05,4.41,-1.47,5.456366033129043,0.2380952380952381,1.805839401182223,2.7054581434930642,N8e5_rv2_rg20_Z0.002.tar.gz,565076,12333.366741015001
NGC_6715,18.51,1780000.0,0.54,5.2,-1.49,6.250420002308894,0.10384615384615385,3.0760662469350963,0.8050505627525315,N1.6e6_rv2_rg20_Z0.002.tar.gz,928106,10388.895111896
NGC_6864,14.3,370000.0,0.38,2.96,-1.29,5.568201724066995,0.12837837837837837,1.9847399576386482,1.152324629717248,N1.6e6_rv0.5_rg20_Z0.002.tar.gz,1820839,13499.897795616
Pal_12,15.28,6270.0,3.86,10.52,-0.85,3.7972675408307164,0.3669201520912548,-0.848175976188334,4.529082077433956,N2e5_rv4_rg20_Z0.002.tar.gz,144840,11944.889411471002
Ter_7,16.85,24000.0,4.28,13.21,-0.32,4.380211241711606,0.323996971990916,0.0843434332747838,3.9214687197083413,N2e5_rv4_rg20_Z0.02.tar.gz,59831,12722.021447371002
